58 13 10 sum:81
20 sum:20
7 17 12 28 sum:64
3 24 sum:27
19 17 10 22 sum:68
36 31 32 sum:99
3 2 28 6 10 14 18 sum:81
28 4 51 sum:83
37 4 12 15 20 sum:88
20 7 16 15 3 sum:61
2 21 3 5 10 12 sum:53
28 sum:28
2 22 1 sum:25
39 2 sum:41
5 25 35 sum:65
52 sum:52
35 2 sum:37
4 2 8 5 sum:19
29 10 sum:39
5 2 1 4 6 7 3 sum:28
16 5 6 12 4 9 11 2 sum:65
16 11 7 24 6 9 17 1 sum:91
12 13 22 14 15 4 sum:80
17 14 27 1 15 8 sum:82
12 20 10 17 sum:59
14 13 60 sum:87
22 sum:22
1 5 23 sum:29
33 26 3 20 sum:82
25 20 22 17 15 sum:99
23 5 8 14 2 15 7 sum:74
2 1 sum:3
40 10 19 14 sum:83
16 31 sum:47
7 10 21 17 sum:55
14 4 18 54 sum:90
17 56 9 10 sum:92
15 sum:15
15 sum:15
9 17 3 sum:29
39 sum:39
19 12 15 20 16 sum:82
20 6 sum:26
12 1 10 21 sum:44
27 1 4 10 sum:42
57 31 sum:88
15 9 16 19 21 7 8 sum:95
12 sum:12
8 40 10 15 21 sum:94
11 5 7 20 28 6 4 8 sum:89
8 19 58 sum:85
1 20 49 2 sum:72
11 10 20 30 9 14 sum:94
12 8 2 21 6 9 sum:58
5 31 19 23 4 sum:82
11 41 19 9 4 10 6 sum:100
23 3 33 18 15 sum:92
24 18 36 9 sum:87
9 19 8 11 sum:47
30 sum:30
32 6 11 24 sum:73
50 8 27 sum:85
22 26 1 17 12 sum:78
4 sum:4
11 14 15 16 13 4 sum:73
3 4 16 18 10 sum:51
4 14 sum:18
1 31 sum:32
19 36 12 10 17 5 sum:99
39 sum:39
2 5 3 sum:10
2 4 17 5 23 sum:51
55 22 16 sum:93
18 13 3 7 26 6 11 sum:84
7 13 6 1 39 18 sum:84
56 sum:56
36 49 3 sum:88
28 7 49 sum:84
11 31 37 20 sum:99
6 19 15 29 9 sum:78
6 8 42 sum:56
34 sum:34
3 2 17 13 11 4 1 7 sum:58
33 18 sum:51
21 11 18 13 15 sum:78
53 15 sum:68
33 39 sum:72
5 1 6 7 24 13 14 sum:70
32 14 16 29 sum:91
36 29 34 sum:99
22 11 21 5 sum:59
14 2 16 7 sum:39
23 9 12 3 7 4 5 sum:63
22 15 1 26 10 sum:74
3 sum:3
1 11 4 15 9 14 12 6 13 sum:85
14 22 10 1 4 16 5 7 13 sum:92
8 24 sum:32
45 11 7 22 15 sum:100
3 24 7 sum:34
